0.1 1000 23080
0.1 2000 98904
0.1 3000 263322
0.1 4000 495910
0.1 5000 814665
0.1 6000 916277
0.1 7000 1268909
0.1 8000 1699433
0.1 9000 2188746
0.1 10000 3175571
0.2 1000 44841
0.2 2000 226670
0.2 3000 529311
0.2 4000 1027696
0.2 5000 1612565
0.2 6000 2545740
0.2 7000 3856594
0.2 8000 5486682
0.2 9000 7435478
0.2 10000 10775630
0.3 1000 67816
0.3 2000 385384
0.3 3000 788506
0.3 4000 1498714
0.3 5000 2437873
0.3 6000 3760570
0.3 7000 5716923
0.3 8000 8120964
0.3 9000 11226681
0.3 10000 14815643
0.4 1000 85677
0.4 2000 439636
0.4 3000 1032623
0.4 4000 1993326
0.4 5000 3232739
0.4 6000 5024204
0.4 7000 7708413
0.4 8000 11080353
0.4 9000 15289463
0.4 10000 19970835
0.5 1000 108512
0.5 2000 543939
0.5 3000 1291452
0.5 4000 2432980
0.5 5000 4033317
0.5 6000 6388347
0.5 7000 9711535
0.5 8000 13910927
0.5 9000 19010710
0.5 10000 25090920
0.6 1000 134364
0.6 2000 646262
0.6 3000 1542161
0.6 4000 2914959
0.6 5000 4900416
0.6 6000 7782574
0.6 7000 11666362
0.6 8000 16617887
0.6 9000 22813613
0.6 10000 30287120
0.7 1000 152155
0.7 2000 755482
0.7 3000 1786693
0.7 4000 3395816
0.7 5000 5784959
0.7 6000 9092778
0.7 7000 13691831
0.7 8000 19441461
0.7 9000 26697598
0.7 10000 34979681
0.8 1000 173828
0.8 2000 852269
0.8 3000 2035641
0.8 4000 3914179
0.8 5000 6606869
0.8 6000 10450936
0.8 7000 15501477
0.8 8000 22322052
0.8 9000 31792366
0.8 10000 41938447
0.9 1000 195766
0.9 2000 975527
0.9 3000 2394624
0.9 4000 4378686
0.9 5000 7457290
0.9 6000 12106012
0.9 7000 18752528
0.9 8000 28502509
0.9 9000 50686332
0.9 10000 56023018
1 1000 216765
1 2000 1147272
1 3000 2942508
1 4000 7083741
1 5000 12836432
1 6000 19714373
1 7000 28071806
1 8000 39037181
1 9000 51023002
1 10000 65002276
